2500 3000 28
M0 1558 2231 343 584
M1 401 0 584 343
M2 1424 4648 343 584
M3 2653 265 584 343
M4 1650 2815 343 584
M5 1886 1304 343 584
M6 1485 1888 584 343
M7 985 0 250 401
M8 0 250 401 250
M9 1825 5049 250 401
M10 401 1145 250 401
M11 627 343 250 401
M12 1424 5232 401 250
M13 985 401 250 401
M14 1485 250 401 250
M15 1424 5482 250 401
M16 0 0 401 250
M17 1235 0 250 401
M18 1767 4648 250 401
M19 627 744 250 401
M20 1485 0 401 250
M21 1424 2815 226 133
M22 401 343 226 133
M23 2653 0 189 265
M24 1235 401 189 265
M25 1886 0 767 1304
M26 1650 3399 961 1249
M27 1485 2231 73 138
